$coord
      -1.34544890768411  2.85946545334720  3.11183388215396 H
       -0.36293929605305  4.15983774640545  1.36413101934678 B
       -3.36268280924844  4.92951597114402 -3.59085684882314 H
        3.78143178536443 -4.97181356229699  1.59003443639387 F
        3.44227417874042 -3.46504338606415  3.62082644591507 B
        1.88917586252014  3.42088101960529  1.28872629783483 H
       -0.32747529934233 -4.29711514977711 -3.55330460209973 H
       -3.58768360829779 -1.39509759062952 -1.10396714572410 Si
       -0.39440896193088  6.31837673143592  1.99105318714945 H
        4.34376903295874 -4.12502353873667  5.57829602371555 H
       -1.39570266622309 -2.60410756418652 -4.03149806979915 C
        0.21788515354592  0.28610741675369  1.29731097788136 Al
       -2.00000183598828  3.04473467156937 -2.00578147078785 Si
        2.12833842504876 -1.30141517432227  3.38069910888504 O
       -2.48411958079522 -2.81581487156584 -5.76829803496286 H
       -0.54241147261516 -0.04348817268188 -3.16920520707912 B
$end
