12.153179459331851
4.2031112891777926
2.1588084117664526
1.3514378044746795
0.95316143155747379
0.72793296950325947
0.58818034339100789
0.49542839798283161
0.43063356613107839
0.38350090233508682
0.34807123597596029
0.32070182752012721
0.29906450322721934
0.28161503528344195
0.26729652262716214
0.25536588066949245
0.24528833783330586
0.23667110248412832
0.22922042254177771
0.22271306478910682
0.21697693475275476
0.21187763663252829
0.20730898032218589
0.20318616436670411
0.19944080633193606
0.19601726984958454
0.19286991563740830
0.18996102011015262
0.18725918253599577
0.18473809395500673
0.18237557692244968
0.18015283007207702
0.17805382904817174
0.17606484788764815
0.17417407394603748
0.17237129604375659
0.17064765034308751
0.16899541205763668
0.16740782378524163
0.16587895328577584
0.16440357507028180
0.16297707135202519
0.16159534882399471
0.16025476843739769
0.15895208591074442
0.15768440113581400
0.15644911499326403
0.15524389235624117
0.15406663029790760
0.15291543067880664
0.15178857643746291
0.15068451102374630
0.14960182050770079
0.14853921797331768
0.14749552986948561
0.14646968404077670
0.14546069921284596
0.14446767572525668
0.14348978734864515
0.14252627404427839
0.14157643554337254
0.14063962564173693
0.13971524712003705
0.13880274721243638
0.13790161355693531
0.13701137056970419
0.13613157619337676
0.13526181897579606
0.13440171544134727
0.13355090772179018
0.13270906141765776
0.13187620129548105
0.13105136073266460
0.13023460076241658
0.12942566326045013
0.12862430554949117
0.12783029920677702
0.12704342897688195
0.12626349177948121
0.12549029579820098
0.12472365966832363
0.12396341169073449
0.12320938915207064
0.12246143768034305
0.12171941065649189
0.12098316867279585
0.12025257903392721
0.11952751529664717
0.11880785684481830
0.11809348849651242
0.11738430014036424
0.11668018639872982
0.11598104631519943
0.11528678306451623
0.11459730368271796
0.11391251881658486
0.11323234248921903
0.11255669188229075
0.11188548713221474
0.11121865113966357
0.11055610939125801
0.10989778979233469
0.10924362251003406
0.10859353982569972
0.10794747599608323
0.10730536712231256
0.10666715102623509
0.10603276713348092
0.10540215636258647
0.10477526101976303
0.10415202469886835
0.10353239218598533
0.10291630936835414
0.10230372314717363
0.10169458135393758
0.10108883267001076
0.10048642654897165
9.9887313141685322E-002
9.9291443223470555E-002
9.8698768123422750E-002
9.8109239655410185E-002
9.7522810050553160E-002
9.6939431890919955E-002
9.6359058044304488E-002
9.5781641599712253E-002
9.5207135803335383E-002
9.4635493994981029E-002
9.4066669544472542E-002
9.3500615787916921E-002
9.2937285963681185E-002
9.2376633147755488E-002
9.1818610188255517E-002
9.1263169638926583E-002
9.0710263691331922E-002
9.0159844105491341E-002
8.9611862138735385E-002
8.9066268472459659E-002
8.8523013136579065E-002
8.7982045431236028E-002
8.7443313845658885E-002
8.6906765973667990E-002
8.6372348425496182E-002
8.5840006735697930E-002
8.5309685266558882E-002
8.4781327106694532E-002
8.4254873964264315E-002
8.3730266054555136E-002
8.3207441981040117E-002
8.2686338609663235E-002
8.2166890935505693E-002
8.1649031941308001E-002
8.1132692446978016E-002
8.0617800949375429E-002
8.0104283451554958E-002
7.9592063280283509E-002
7.9081060891084229E-002
7.8571193659457264E-002
7.8062375657164951E-002
7.7554517412101343E-002
7.7047525650313559E-002
7.6541303018570858E-002
7.6035747785491450E-002
7.5530753519415045E-002
7.5026208740741521E-002
7.4521996546445216E-002
7.4017994202684845E-002
7.3514072706228270E-002
7.3010096306319439E-002
7.2505921987067679E-002
7.2001398904752656E-002
7.1496367775749123E-002
7.0990660209832454E-002
7.0484097983329094E-002
6.9976492244861091E-002
6.9467642640109850E-002
6.8957336377590356E-002
6.8445347185293534E-002
6.7931434167182309E-002
6.7415340550041766E-002
6.6896792304909677E-002
6.6375496628810024E-002
6.5851140269946346E-002
6.5323387677805059E-002
6.4791878956786952E-002
6.4256227599126900E-002
6.3716017969269373E-002
6.3170802508221782E-002
6.2620098621460604E-002
6.2063385208747317E-002
6.1500098788089132E-002
6.0929629158249891E-002
6.0351314536350474E-002
5.9764436096213527E-002
5.9168211821859176E-002
5.8561789575754308E-002
5.7944239265447423E-002
5.7314543971588187E-002
5.6671589877076795E-002
5.6014154808540724E-002
5.5340895167002933E-002
5.4650330983846127E-002
5.3940828788079480E-002
5.3210581910931545E-002
5.2457587779867511E-002
5.1679621664611243E-002
5.0874206226909004E-002
5.0038576089775459E-002
4.9169636472933445E-002
4.8263914730929849E-002
4.7317503367417531E-002
4.6325992768106672E-002
4.5284391476577653E-002
4.4187031305167296E-002
4.3027453892392403E-002
4.1798274442464922E-002
4.0491017247011207E-002
3.9095916108189209E-002
3.7601670835380359E-002
3.5995148409473363E-002
3.4261013965330281E-002
3.2381272105080905E-002
3.0334692749925715E-002
2.8096087081956815E-002
2.5635387119876119E-002
2.2916465627386865E-002
1.9895609138331376E-002
1.6519522491994294E-002
1.2722693127924636E-002
8.4238691756571768E-003
3.5212937450498152E-003
-2.1138330650192425E-003
-8.6464595973012731E-003
-1.6290575664114626E-002
-2.5327806522526294E-002
-3.6134781116612787E-002
-4.9224345113819332E-002
-6.5309239590165422E-002
-8.5403408934756703E-002
-0.11098866308167601
-0.14429969841675266
-0.18883421230832098
-0.25031663919310093
-0.33864220450780097
-0.47212993708999834
-0.68784014400518090
-1.0702720037980520
-1.8479213233196967
-3.8278991443486503
-11.652860898718549
11.752853598259522
3.9258015274551701
1.9451189880952025
1.1671318873646408
0.78451040953315643
0.56868038260412013
0.43511949249046361
0.34674719624139405
0.28523666950643756
0.24068799684181033
0.20737375705369504
0.18179426238993182
0.16171344043224409
0.14564850047631300
0.13258478081796654
0.12180900402292325
0.11280791562642586
0.10520456987269003
9.8717026154034201E-002
9.3131224519183139E-002
8.8281995533965860E-002
8.4040408942363420E-002
8.0304600848072019E-002
7.6993230843117752E-002
7.4040712598321179E-002
7.1393689113237901E-002
6.9008394806743700E-002
6.6848658323776788E-002
6.4884374191935601E-002
6.3090321636864774E-002
6.1445243277862951E-002
5.9931120355754014E-002
5.8532598001267734E-002
5.7236526068622194E-002
5.6031589721015657E-002
5.4908010264512350E-002
5.3857301368321175E-002
5.2872069255427159E-002
5.1945848027894266E-002
5.1072963239627976E-002
5.0248418311686610E-002
4.9467799521558907E-002
4.8727196174525866E-002
4.8023133246556313E-002
4.7352514320724806E-002
4.6712573057796136E-002
4.6100831772892044E-002
4.5515065953467861E-002
4.4953273764286497E-002
4.4413649754117740E-002
4.3894562115286029E-002
4.3394532957874245E-002
4.2912221150244227E-002
4.2446407351406763E-002
4.1995980920808994E-002
4.1559928441350105E-002
4.1137323632194550E-002
4.0727318462393455E-002
4.0329135304637248E-002
3.9942059992280239E-002
3.9565435662768170E-002
3.9198657287222473E-002
3.8841166800185151E-002
3.8492539141857213E-002
3.8152116852424742E-002
3.7819548842833492E-002
3.7494425810953663E-002
3.7176367800430432E-002
3.6865021681892846E-002
3.6560058883151676E-002
3.6261173340686820E-002
3.5968079648016238E-002
3.5680511379727782E-002
3.5398219572242762E-002
3.5120971344919635E-002
3.4848548646740765E-002
3.4580747115788138E-002
3.4317375039966597E-002
3.4058252408852310E-002
3.3803210047697548E-002
3.3552088825485486E-002
3.3304738929873123E-002
3.3061019202745061E-002
3.2820796530512800E-002
3.2583945284180682E-002
3.2350346804502689E-002
3.2119888928177638E-002
3.1892465551368022E-002
3.1667976227201029E-002
3.1446325794279237E-002
3.1227424033499034E-002
3.1011185350720956E-002
3.0797528483096897E-002
3.0586376227055873E-002
3.0377655186142972E-002
3.0171295537064803E-002
2.9967230812474460E-002
2.9765397699068684E-002
2.9565735849907383E-002
2.9368187709657913E-002
2.9172698344254441E-002
2.8979215292777475E-002
2.8787688441437143E-002
2.8598069880289970E-002
2.8410313779803752E-002
2.8224376275606360E-002
2.8040215360677887E-002
2.7857790784483666E-002
2.7677063958510419E-002
2.7497997867724826E-002
2.7320556987596362E-002
2.7144707206231737E-002
2.6970415751274041E-002
2.6797651121242064E-002
2.6626383021028030E-002
2.6456582301201979E-002
2.6288220900939463E-002
2.6121271794272240E-002
2.5955708939492270E-002
2.5791507231424537E-002
2.5628642456476093E-002
2.5467091250206984E-002
2.5306831057276508E-002
2.5147840093650949E-002
2.4990097310783436E-002
2.4833582360328944E-002
2.4678275567433614E-002
2.4524157895010064E-002
2.4371210917043203E-002
2.4219416791521346E-002
2.4068758234803818E-002
2.3919218497288033E-002
2.3770781340360762E-002
2.3623431014556079E-002
2.3477152238774973E-002
2.3331930180596750E-002
2.3187750437571160E-002
2.3044599019438526E-002
2.2902462331219831E-002
2.2761327157166941E-002
2.2621180645457265E-002
2.2482010293654060E-002
2.2343803934863082E-002
2.2206549724529036E-002
2.2070236127886306E-002
2.1934851907979003E-002
2.1800386114233582E-002
2.1666828071585778E-002
2.1534167370081850E-002
2.1402393854968529E-002
2.1271497617233695E-002
2.1141468984554466E-002
2.1012298512674315E-002
2.0883976977139271E-002
2.0756495365423063E-002
2.0629844869374459E-002
2.0504016878002743E-002
2.0379002970570631E-002
2.0254794910000370E-002
2.0131384636524273E-002
2.0008764261647643E-002
1.9886926062329537E-002
1.9765862475431842E-002
1.9645566092374014E-002
1.9526029654040086E-002
1.9407246045855302E-002
1.9289208293105140E-002
1.9171909556400163E-002
1.9055343127360812E-002
1.8939502424461848E-002
1.8824380989020298E-002
1.8709972481372641E-002
1.8596270677198282E-002
1.8483269463946680E-002
1.8370962837472728E-002
1.8259344898728467E-002
1.8148409850632062E-002
1.8038151995049313E-002
1.7928565729848512E-002
1.7819645546126448E-002
1.7711386025499883E-002
1.7603781837502986E-002
1.7496827737091224E-002
1.7390518562234995E-002
1.7284849231598065E-002
1.7179814742282258E-002
1.7075410167679418E-002
1.6971630655343035E-002
1.6868471424932519E-002
1.6765927766072136E-002
1.6663958299084111E-002
1.6562631932465835E-002
1.6461907453623057E-002
1.6361780447172500E-002
1.6262246571219621E-002
1.6163301559377893E-002
1.6064941207596519E-002
1.5967161348546404E-002
1.5869957708788126E-002
1.5773325489048123E-002
1.5677258684684808E-002
1.5581751024106687E-002
1.5486800547722548E-002
1.5392407990853217E-002
1.5298570528319766E-002
1.5205314312249561E-002
1.5112575103730262E-002
1.5020376332420930E-002
1.4928677084533871E-002
1.4837547269601995E-002
1.4746986345840006E-002
1.4656909679248067E-002
1.4567355999804672E-002
1.4478324005740511E-002
1.4389809182794779E-002
1.4301807380266022E-002
1.4214314722029848E-002
1.4127327739907844E-002
1.4040842967348421E-002
1.3954857113753655E-002
1.3869367037355258E-002
1.3784369719599884E-002
1.3699862285441311E-002
1.3615841811621360E-002
1.3532305324986005E-002
1.3449249734390952E-002
1.3366671867612584E-002
1.3284568590594487E-002
1.3202936782861184E-002
1.3121773410851304E-002
1.3041075513014269E-002
1.2960840186397012E-002
1.2881064572390929E-002
1.2801745846029482E-002
1.2722881209557169E-002
1.2644467888947450E-002
1.2566503132508502E-002
1.2488984210673336E-002
1.2411908415232585E-002
1.2335273059675389E-002
1.2259075478999376E-002
1.2183313029441541E-002
1.2107983088383477E-002
1.2033083054050495E-002
1.1958610345276604E-002
1.1884562401429957E-002
1.1810936681943378E-002
1.1737730666192474E-002
1.1664941853321625E-002
1.1591547118192623E-002
1.1519593722084538E-002
1.1448050642414489E-002
1.1376915446608396E-002
1.1306185719288975E-002
1.1235859062990187E-002
1.1165933098625623E-002
1.1096405465599556E-002
1.1027273822158533E-002
1.0958535845081351E-002
1.0890189228434856E-002
1.0822231688392855E-002
1.0754660955394370E-002
1.0687474778984778E-002
1.0620670926254327E-002
1.0554247181558372E-002
1.0488201346189751E-002
1.0422531238151601E-002
1.0357234691796974E-002
1.0292309557726861E-002
1.0227753702278138E-002
1.0163565007430455E-002
1.0099741370520301E-002
1.0036280704185191E-002
9.9731809353802402E-003
9.9104400063014068E-003
9.8480558733993993E-003
9.7860265073641400E-003
9.7243498929273850E-003
9.6630240286672362E-003
9.6020469268182536E-003
9.5414166130864120E-003
9.4811311268845101E-003
9.4211885194782023E-003
9.3615868563612543E-003
9.3023242153659515E-003
9.2433986869316469E-003
9.1848083739396891E-003
9.1265513915505161E-003
9.0686258670409116E-003
9.0110299396463193E-003
8.9537617603986895E-003
8.8967441531886942E-003
8.8401358160035484E-003
8.7838499830098348E-003
8.7278848556686453E-003
8.6722386480341477E-003
8.6169095843529955E-003
8.5618959000321477E-003
8.5071958398002089E-003
8.4528076598133495E-003
8.3987296276715334E-003
8.3449256937897648E-003
8.2914503502779895E-003
8.2382797196385808E-003
8.1854121014041138E-003
8.1328458045393896E-003
8.0805791472936105E-003
8.0286104570548491E-003
7.9769380702142297E-003
7.9255603320336938E-003
7.8744755969430598E-003
7.8236822267672597E-003
7.7731785930508172E-003
7.7229630753746286E-003
7.6730340849534787E-003
7.6233900147870213E-003
7.5740292617187200E-003
7.5249502395923094E-003
7.4761513625089511E-003
7.4276310527555114E-003
7.3793877478592201E-003
7.3314198932540823E-003
7.2826948311288751E-003
7.2352184270279493E-003
7.1880121133254468E-003
7.1410743604403241E-003
7.0944036740422083E-003
7.0479985600830179E-003
7.0018575334783745E-003
6.9559791181822775E-003
6.9103618471535056E-003
6.8650042624423015E-003
6.8199049151856563E-003
6.7750623656057159E-003
6.7304751829724563E-003
6.6861419455759002E-003
6.6420612406124825E-003
6.5982316639686834E-003
6.5546518203020813E-003
6.5113203226941797E-003
6.4682357922995759E-003
6.4253968584454049E-003
6.3828021582564270E-003
6.3404503364503356E-003
6.2983400451747020E-003
6.2564699438527587E-003
6.2148386990166921E-003
6.1734449842089853E-003
6.1322874798853712E-003
6.0913648733606184E-003
6.0506758587513219E-003
6.0102191369525489E-003
5.9699934156351771E-003
5.9299974092296651E-003
5.8902298389332218E-003
5.8506894327214655E-003
5.8113749253506600E-003
5.7722850583572152E-003
5.7334185800778491E-003
5.6947742456282743E-003
5.6563508169161572E-003
5.6181470626320319E-003
5.5801617582272121E-003
5.5423936858971616E-003
5.5048416345757495E-003
5.4675043998953579E-003
5.4303807841752632E-003
5.3934695963824188E-003
5.3567696521034033E-003
5.3202797735166334E-003
5.2839987893476062E-003
5.2479255348454983E-003
5.2120588517409958E-003
5.1763975882150436E-003
5.1409405988493712E-003
5.1056867446041456E-003
5.0706348927736112E-003
5.0357839169447843E-003
5.0011326969651004E-003
4.9666801189074579E-003
4.9324250750285431E-003
4.8983664637307425E-003
4.8645031895286107E-003
4.8308341630150173E-003
4.7973583008152736E-003
4.7640745255670101E-003
4.7309817658686745E-003
4.6980789562537026E-003
4.6653650371572663E-003
4.6328389548754133E-003
4.6004996613231430E-003
4.5683461149002378E-003
4.5363772790332439E-003
4.5045921229597188E-003
4.4729896223356189E-003
4.4415687575872064E-003
4.4103285147596948E-003
4.3792678864180527E-003
4.3483858699633303E-003
4.3176814682382905E-003
4.2871536903840522E-003
4.2568015492815275E-003
4.2266240594792531E-003
4.1966202451562181E-003
4.1667891365341943E-003
4.1371297691948222E-003
4.1076411840482389E-003
4.0783224273019600E-003
4.0491725504357094E-003
4.0201906101676801E-003
3.9913756684303511E-003
3.9627267923422922E-003
3.9342430541786395E-003
3.9059235313448244E-003
3.8777673063494101E-003
3.8497734667756797E-003
3.8219411052614321E-003
3.7942693194609172E-003
3.7667572108426462E-003
3.7394038822439728E-003
3.7122084456145833E-003
3.6851700183062296E-003
3.6582877225723141E-003
3.6315606855321300E-003
3.6049880391514112E-003
3.5785689202161922E-003
3.5523024703095988E-003
3.5261878357849274E-003
3.5002241677471822E-003
3.4744106220230570E-003
3.4487463591361903E-003
3.4232305442924837E-003
3.3978623473479679E-003
3.3726409427856617E-003
3.3475655096987262E-003
3.3226352317589011E-003
3.2978492971996089E-003
3.2732068987888618E-003
3.2487072323341901E-003
3.2243494981244094E-003
3.2001329020919320E-003
3.1760566546084994E-003
3.1521199704680151E-003
3.1283220688630761E-003
3.1046621733609708E-003
3.0811395118858567E-003
3.0577533166879188E-003
3.0345028243317293E-003
3.0113872754058014E-003
2.9884059156332805E-003
2.9655579939604406E-003
2.9428427641474686E-003
2.9202594838605104E-003
2.8978074149764686E-003
2.8754858237425452E-003
2.8532939803796020E-003
2.8312311589543844E-003
2.8092966384992094E-003
2.7874897016978289E-003
2.7658096343809706E-003
2.7442557275609552E-003
2.7228272758834243E-003
2.7015235779880402E-003
2.6803439364859964E-003
2.6592876579419819E-003
2.6383540528547630E-003
2.6175424356331897E-003
2.5968521245843014E-003
2.5762824418855360E-003
2.5558327135688039E-003
2.5355022695049186E-003
2.5152904433781622E-003
2.4951965726703294E-003
2.4752199986415348E-003
2.4553600663112692E-003
2.4356527764303817E-003
2.4160240665297653E-003
2.3965100571244433E-003
2.3771101079262998E-003
2.3578235823007304E-003
2.3386498472616861E-003
2.3195882734506450E-003
2.3006382351063014E-003
2.2817991100681518E-003
2.2630702797378811E-003
2.2444511290794326E-003
2.2259410465915036E-003
2.2075394242950085E-003
2.1892456577137075E-003
2.1710591458620285E-003
2.1529792912225489E-003
2.1350054997350230E-003
2.1171371807759097E-003
2.0993737471515454E-003
2.0817146150670634E-003
2.0641592041229975E-003
2.0467069372970235E-003
2.0293572409214103E-003
2.0121095446835203E-003
1.9949632815977440E-003
1.9779178879883990E-003
1.9609728034862810E-003
1.9441274710107342E-003
1.9273813367430420E-003
1.9107338501325385E-003
1.8941844609059420E-003
1.8777326308679568E-003
1.8613778162195425E-003
1.8451194792869635E-003
1.8289570855878831E-003
1.8128901038073960E-003
1.7969180057907427E-003
1.7810402665237694E-003
1.7652563641231290E-003
1.7495657798169487E-003
1.7339679979357682E-003
1.7184625058970712E-003
1.7030487941840956E-003
1.6877263563411082E-003
1.6724946889511982E-003
1.6573532916268011E-003
1.6423016669870356E-003
1.6273393206561043E-003
1.6124657612308132E-003
1.5976805002780696E-003
1.5829830523179187E-003
1.5683729348048396E-003
1.5538496681105698E-003
1.5394127755172828E-003
1.5250617831938131E-003
1.5107962201838000E-003
1.4966156183908348E-003
1.4825195125627282E-003
1.4685074402763284E-003
1.4545789419224287E-003
1.4407335606926846E-003
1.4269708425604793E-003
1.4132903362715759E-003
1.3996915933289569E-003
1.3861741679742686E-003
1.3727376171811887E-003
1.3593815006355484E-003
1.3461053807246777E-003
1.3329088225232169E-003
1.3197913937824206E-003
1.3067526649148415E-003
1.2937922089821478E-003
1.2809096016845878E-003
1.2681044213470639E-003
1.2553762489087919E-003
1.2427246679089596E-003
1.2301492644797157E-003
1.2176496273293667E-003
1.2052253477364307E-003
1.1928760195341354E-003
1.1806012391021754E-003
1.1684006053989462E-003
1.1562737197644557E-003
1.1442201862221814E-003
1.1322396111953514E-003
1.1203316036583737E-003
1.1084957750383592E-003
1.0967317392664485E-003
1.0850391126734395E-003
1.0734175141410007E-003
1.0618665648521701E-003
1.0503858885395501E-003
1.0389751113217983E-003
1.0276338617326210E-003
1.0163617707085546E-003
1.0051584715792036E-003
9.9402360005847699E-004
9.8295679423630704E-004
9.7195769456369374E-004
9.6102594385130344E-004
9.5016118725237304E-004
9.3936307225880346E-004
9.2863124868816302E-004
9.1796536867555165E-004
9.0736508666406333E-004
8.9683005939769807E-004
8.8635994590849365E-004
8.7595440750988691E-004
8.6561310778547791E-004
8.5533571258365922E-004
8.4512189000421865E-004
8.3497131039180286E-004
8.2488364632638325E-004
8.1485857261541852E-004
8.0489576628247489E-004
7.9499490656148065E-004
7.8515567488616697E-004
7.7537775488136125E-004
7.6566083235595286E-004
7.5600459529195398E-004
7.4640873383828403E-004
7.3687294030035794E-004
7.2739690913388791E-004
7.1798033693434155E-004
7.0862292243057366E-004
6.9932436647527317E-004
6.9008437203746213E-004
6.8090264419392969E-004
6.7177889012220299E-004
6.6271281909157688E-004
6.5370414245573619E-004
6.4475257364460248E-004
6.3585782815719569E-004
6.2701962355277661E-004
6.1823767944391150E-004
6.0951171748975345E-004
6.0084146138701666E-004
5.9222663686239567E-004
5.8366697166734038E-004
5.7516219556253551E-004
5.6671204033525643E-004
5.5831623975559179E-004
5.4997452959358595E-004
5.4168664760946908E-004
5.3345233353900741E-004
5.2527132909131226E-004
5.1714337794738982E-004
5.0906822573561043E-004
5.0104562005542572E-004
4.9307531043656788E-004
4.8515704835281129E-004
4.7729058720878334E-004
4.6947568233602840E-004
4.6171209098500206E-004
4.5399957231833515E-004
4.4633788740560537E-004
4.3872679921532105E-004
4.3116607261020796E-004
4.2365547434000672E-004
4.1619477303540299E-004
4.0878373920175473E-004
4.0142214521314730E-004
3.9410976530681978E-004
3.8684637557571608E-004
3.7963175396465293E-004
3.7246567997435351E-004
3.6534793395803095E-004
3.5827829903831675E-004
3.5125656028628556E-004
3.4428250459311513E-004
3.3735592066547714E-004
3.3047659901865555E-004
3.2364433197251859E-004
3.1685891364333085E-004
3.1012013994164908E-004
3.0342780856388099E-004
2.9678171898970748E-004
2.9018167247276891E-004
2.8362747203960689E-004
2.7711892248158919E-004
2.7065583035115921E-004
2.6423800395493358E-004
2.5786525335032805E-004
2.5153739033997174E-004
2.4525422846486192E-004
2.3901558300252514E-004
2.3282127095741560E-004
2.2667111106174608E-004
2.2056492376529117E-004
2.1450253123262396E-004
2.0848375733974710E-004
2.0250842766557538E-004
1.9657636948997199E-004
1.9068740882654915E-004
1.8484137316899379E-004
1.7903809453883798E-004
1.7327740663877420E-004
1.6755914484643981E-004
1.6188314621018787E-004
1.5624924944458371E-004
1.5065729492587734E-004
1.4510712468564571E-004
1.3959858240910825E-004
1.3413151342771962E-004
1.2870576471605590E-004
1.2332118488718111E-004
1.1797762418748990E-004
1.1267493449335607E-004
1.0741296930378771E-004
1.0219158373933092E-004
9.7010634535533297E-005
9.1869980038164836E-005
8.6769480200156110E-005
8.1708996575767870E-005
7.6688392316287199E-005
7.1707532166627452E-005
6.6766282458425794E-005
6.1864511108703987E-005
5.7002087611557339E-005
5.2178883037132945E-005
4.7394770024765387E-005
4.2649622799340384E-005
3.7943317086759978E-005
3.3275730227891320E-005
2.8646741096956599E-005
2.4056230113247631E-005
1.9504079239771044E-005
1.4990171976002331E-005
1.0514393354754681E-005
6.0766299358871317E-006
1.6767698043252538E-006
-2.6852974380226630E-006
-7.0096806751816787E-006
-1.1296487282522541E-005
-1.5545823130888592E-005
-1.9757792593439252E-005
-2.3932498547851386E-005
-2.8070042384907914E-005
-3.2170524009738147E-005
-3.6234041850989260E-005
-4.0260692861318961E-005
-4.4250572527052695E-005
-4.8203774871637475E-005
-5.2120392516249656E-005
-5.6000516460347205E-005
-5.9844236429499112E-005
-6.3651640648650087E-005
-6.7422815909356712E-005
-7.1157847572951571E-005
-7.4856819576802139E-005
-7.8519814440581800E-005
-8.2146913272145364E-005
-8.5738195774004780E-005
-8.9293740247549727E-005
-9.2813623602718692E-005
-9.6297921361810160E-005
-9.9746707665984355E-005
-1.0316005528322562E-004
-1.0653803561333150E-004
-1.0988071869742592E-004
-1.1318817322128472E-004
-1.1646046652539176E-004
-1.1969766461083706E-004
-1.2289983214600932E-004
-1.2606703247530944E-004
-1.2919932762646587E-004
-1.3229677831757755E-004
-1.3535944403206962E-004
-1.3838738274991880E-004
-1.4138065138710396E-004
-1.4433930550599230E-004
-1.4726339940028706E-004
-1.5015298610402197E-004
-1.5300811740211889E-004
-1.5582884383588853E-004
-1.5861521471594205E-004
-1.6136727812895643E-004
-1.6408508094924168E-004
-1.6676866884735714E-004
-1.6941808637497766E-004
-1.7203337668960858E-004
-1.7461458197677929E-004
-1.7716174319560435E-004
-1.7967490015573413E-004
-1.8215409152703629E-004
-1.8459935485093566E-004
-1.8701072655287476E-004
-1.8938824195234745E-004
-1.9173193527874041E-004
-1.9404183967894166E-004
-1.9631798723504859E-004
-1.9856040897408243E-004
-2.0076913488159716E-004
-2.0294419391725209E-004
-2.0508561402629230E-004
-2.0719342215630952E-004
-2.0926764426913887E-004
-2.1130830535766656E-004
-2.1331542950102193E-004
-2.1528903971908438E-004
-2.1722915822706447E-004
-2.1913580629576851E-004
-2.2100900430428727E-004
-2.2284877175941450E-004
-2.2465512731182496E-004
-2.2642808877472442E-004
-2.2816767314059322E-004
-2.2987389660145997E-004
-2.3154677456553065E-004
-2.3318632167925769E-004
-2.3479255184519210E-004
-2.3636547824181647E-004
-2.3790511334747730E-004
-2.3941146895693766E-004
-2.4088455620680481E-004
-2.4232438559347071E-004
-2.4373096700235075E-004
-2.4510430972175812E-004
-2.4644442247540553E-004
-2.4775131343981148E-004
-2.4902499027219110E-004
-2.5026546013468161E-004
-2.5147272971988432E-004
-2.5264680527745803E-004
-2.5378769263871385E-004
-2.5489539740355775E-004
-2.5596992434377512E-004
-2.5701127836006733E-004
-2.5801946389672828E-004
-2.5899448512168438E-004
-2.5993634596022802E-004
-2.6084505012282169E-004
-2.6172060113683129E-004
-2.6256300238009303E-004
-2.6337225711281324E-004
-2.6414836859449224E-004
-2.6489134133209774E-004
-2.6560117922133988E-004
-2.6627788578620533E-004
-2.6692146460400093E-004
-2.6753191934791344E-004
-2.6810925381849475E-004
-2.6865347198508013E-004
-2.6916457802396779E-004
-2.6964257635833482E-004
-2.7008747169581654E-004
-2.7049926907002711E-004
-2.7087797388512802E-004
-2.7122359195246200E-004
-2.7153612953657001E-004
-2.7181559339823844E-004
-2.7206199083728948E-004
-2.7227532973858083E-004
-2.7245561861383161E-004
-2.7260286665142970E-004
-2.7271708376259453E-004
-2.7279828062384132E-004
-2.7284646872738870E-004
-2.7286166043090365E-004
-2.7284386900211857E-004
-2.7279310866968470E-004
-2.7270939467448699E-004
-2.7259274331178224E-004
-2.7244317199504563E-004
-2.7226069929467932E-004
-2.7204534499208032E-004
-2.7179713013382803E-004
-2.7151607708383006E-004
-2.7120220957125435E-004
-2.7085555274802484E-004
-2.7047613324207749E-004
-2.7006397920635063E-004
-2.6961912038273202E-004
-2.6914158814595086E-004
-2.6863141557074456E-004
-2.6808863747872745E-004
-2.6751329050751435E-004
-2.6690541315845494E-004
-2.6626504586668362E-004
-2.6559223105898123E-004
-2.6488701321428915E-004
-2.6414943893715223E-004
-2.6337955701987402E-004
-2.6257741850590349E-004
-2.6174307677986550E-004
-2.6087658761886172E-004
-2.5997800928768272E-004
-2.5904740260753421E-004
-2.5808483104020237E-004
-2.5709036077472755E-004
-2.5606406080842109E-004
-2.5500600304835357E-004
-2.5391626238401369E-004
-2.5279491599789622E-004
-2.5164204666446033E-004
-2.5045773802078591E-004
-2.4924207788560269E-004
-2.4799515756538000E-004
-2.4671707194197194E-004
-2.4540791957845982E-004
-2.4406780282132910E-004
-2.4269682790645404E-004
-2.4129510504239914E-004
-2.3986274854196840E-004
-2.3839987690037028E-004
-2.3690661288276911E-004
-2.3538308365690826E-004
-2.3382942085929150E-004
-2.3224576070471174E-004
-2.3063224408502794E-004
-2.2898901664980022E-004
-2.2731622890341703E-004
-2.2561403630023784E-004
-2.2388259931978120E-004
-2.2212208359064650E-004
-2.2033265994278114E-004
-2.1851450450471877E-004
-2.1666779881559378E-004
-2.1479272987150709E-004
-2.1288949025897140E-004
-2.1095827820034017E-004
-2.0899929767049033E-004
-2.0701275846836745E-004
-2.0499887632493934E-004
-2.0295787295564367E-004
-2.0088997619042807E-004
-1.9879542004102267E-004
-1.9667444476854576E-004
-1.9452729702486987E-004
-1.9235423010170033E-004
-1.9015550523199080E-004
-1.8793138958466196E-004
-1.8568215681351481E-004
-1.8340808738986566E-004
-1.8110946868109788E-004
-1.7878659503918828E-004
-1.7643976789228494E-004
-1.7406929582454087E-004
-1.7167549468124522E-004
-1.6925868756260780E-004
-1.6681920517727308E-004
-1.6435738525103459E-004
-1.6187357410437503E-004
-1.5936812475391554E-004
-1.5684139832382663E-004
-1.5429376372702412E-004
-1.5172559781590628E-004
-1.4913728540179132E-004
-1.4652921937939253E-004
-1.4390180075568582E-004
-1.4125543873993139E-004
-1.3859055082661442E-004
-1.3590756282726504E-004
-1.3320690895403733E-004
-1.3048903188584912E-004
-1.2775438244623689E-004
-1.2500341790852229E-004
-1.2223660964177929E-004
-1.1945443474289073E-004
-1.1665737901104395E-004
-1.1384593698800932E-004
-1.1102061199250342E-004
-1.0818191571666455E-004
-1.0533037000477578E-004
-1.0246650421047790E-004
-9.9590857010172992E-005
-9.6703975959839053E-005
-9.3806417497401332E-005
-9.0898746953249968E-005
-8.7981538543982843E-005
-8.5055375367262126E-005
-8.2120849427221032E-005
-7.9178561459933294E-005
-7.6229120577789647E-005
-7.3273145432116438E-005
