energy             :real:0:
 -5.0651558042904412E+00
energies           :real:1:2
 -5.0218324349549075E+00 -4.3323369335533490E-02
gradient           :real:2:3,2
 -1.6563853748697065E-03  3.9507603472230084E-04  1.3127161037543007E-04
  1.6563853748696926E-03 -3.9507603472229910E-04 -1.3127161037543441E-04
virial             :real:2:3,3
  1.3311210912950383E-01 -3.4852385783481224E-02 -9.1519656273489434E-03
 -3.4852385783481217E-02  9.1253065009949032E-03  2.3962345635377435E-03
 -9.1519656273489434E-03  2.3962345635377435E-03  6.2923257239270774E-04
